1.1423659658795868
1.5014659503298768
1.8338211472223784
2.064945519862449
2.2847319317591723
2.4505101509685696
2.602710126003279
2.909295447354909
2.9944782517159814
3.004663042672173
3.126403684747061
3.2734080100103617
3.4154062715876132
3.509558376776201
3.552238730716166
3.745944473694184
3.8642981251451083
3.994521247909441
4.020572098594924
4.095656235574466
4.220426518730068
4.301743832447489
4.383206588788624
4.437657039474772
4.52133829745132
4.539273069556403
4.693836384025331
4.814997403945302
4.954593827954013
5.0835519078691425
5.169622810225134
5.236535113985202
5.288780577789176
5.360037313302959
5.395600059307584
5.533470881824536
5.5938537699871995
5.750217387195026
5.895150549392272
6.005239379075576
6.103449844145522
6.217716622683926
6.300991985394046
6.376715455467651
6.398406051510017
6.49172550251472
6.5155199332056375
6.537591299553682
6.574191965557441
6.6352769346878056
6.697947446792937
6.799036696473994
6.872044819411468
7.010007132663988
7.174398929527127
7.2212810497861115
7.280934006018733
7.357961674268221
7.405005064144115
7.5117840757039875
7.533929917380437
7.619986876629119
7.6785480398314885
7.713786359499464
7.794626354098059
7.831526032645235
7.905947128586177
7.996330408381084
8.093287341989038
8.146318186763883
8.18550548225337
8.232630199395574
8.398362935715507
8.488963423174823
8.500588214941365
8.532877591996735
8.570880934886448
8.618828226621064
8.672081641682118
8.764274071479052
8.855580161683367
9.068301935864287
9.151229425601787
9.21004885980525
9.322387033372944
9.529428104561156
9.57145756925245
9.782704125138407
10.044540805830797
10.25
10.470195795685962
10.702060549258725
11.05712440013225
11.470518732821109
11.788341698474811
12.203790394791282
12.84562182223967
13.648450461499284
14.43961564585429
15.164514499317146
