0.2505992817228324
0.37443290453698114
0.44944410108488336
0.5220153254455274
0.6184658438426487
0.6499999999999997
0.6900724599634451
0.776208734813001
0.8246211251235327
0.8560373823613077
0.9338094023942995
0.9709788875150688
1.0124228365658285
1.0198039027185568
1.0682696288858913
1.1088733020503287
1.136353818139403
1.1543396380615192
1.20702112657567
1.2280065146407007
1.281405478371308
1.3004999038831186
1.3900000000000006
1.4221462653327894
1.4713938969562155
1.535219853962292
1.5572411502397434
1.6070158679988193
1.6349006085998008
1.6651726637198918
1.7041420128616034
1.721685220939066
1.7751901306620657
1.8384776310850228
1.882232716748915
1.9163767896736803
1.9586219645454817
1.981161275615894
2.044529285679225
2.079663434308543
2.1289668856043766
2.143105223734943
2.1645322820415496
2.204450044795753
2.241160413714288
2.255947694429107
2.291200558659149
2.327745690577044
2.3648467180770942
2.390083680543425
2.46272207120495
2.489015869776647
2.5179356624028344
2.562225595063791
2.5875084540924687
2.6201145013147795
2.6400757564888155
2.6725456029785537
2.6951994360343727
2.7342640691783964
2.80223125384041
2.864472028140613
2.9411052344314377
2.9706901555025897
3.014962686336267
3.0514422819381655
3.081038785864274
3.12929704566377
3.209750769140806
3.260751447136074
3.3092748450378076
3.359002828221495
3.4014702703389883
3.48209706929603
3.5531676008879742
3.6359455441466664
3.7082745313690038
3.7648505946451585
3.909501246962328
4.018855558489258
4.146926572776518
4.200238088489743
4.3002906878489044
4.398204178980326
4.467941360403022
4.579574216016157
4.628714724413247
4.711899829155963
4.812743500333257
4.876925260858526
5.062538888739524
5.19809580519636
5.425172808307584
5.553602434456395
5.668588889662048
6.053098380168622
6.487896423340929
6.7670451454087415
7.240994406847719
7.926695402246765
