0.35355339059327384
0.4609772228646448
0.5220153254455274
0.5385164807134502
0.6016643582596521
0.6576473218982951
0.6802940540677976
0.6876772498781675
0.7138627319029891
0.7969943538068509
0.8321658488546619
0.8765842800324448
0.979438614717634
1.0198039027185568
1.1067971810589325
1.1510864433221337
1.1704699910719618
1.1884864324004714
1.2248265183282079
1.2539936203984456
1.3200378782444084
1.3352153384379626
1.4230249470757717
1.4714618581533125
1.549870962370739
1.58902485820707
1.62077142126828
1.6420109622045773
1.7000000000000004
1.726991603917054
1.8337120820892254
1.9416487838947585
1.9804039991880449
1.981161275615895
2.0455072720476934
2.0753072061745463
2.146718425877041
2.1900228309312215
2.24082574065901
2.2737853900489378
2.316246964380093
2.370232056149778
2.413503677229434
2.5347583711273147
2.593260495977987
2.6292204167775663
2.6725456029785537
2.745906043549197
2.806082678753426
2.8585485827601387
2.910755915565577
2.998799759903952
3.067767918210242
3.12929704566377
3.167412192942371
3.2144206320890856
3.216022387981775
3.2984845004941277
3.3712015662075143
3.4404796177277372
3.56388832597207
3.5835736353534022
3.6694686263817538
3.702647701307808
3.772002120890179
3.9147158262126767
4.064283454681772
4.1630757860024605
4.204045670541651
4.370491963154721
4.407096549884062
4.433734317705563
4.532593076815963
4.619794367718113
4.676494413553811
4.761953380704184
4.826106090835551
5.000249993750313
5.0401289666039295
5.138871471441956
5.28441103624614
5.348130514488216
5.433691194758863
5.57968637111442
5.618941181397079
5.66259657754285
5.854912467321779
6.08481717063052
6.316050981428191
6.459489143887464
6.587639941587579
6.7580544537610825
7.101359024862777
7.540086206403744
7.910120100226037
8.587345340674265
9.082912528478957
9.47760518274527
10.100702945835007
10.693932859336643
