0.996393496566493
1.326859282499676
1.6102449779114003
1.872164522684906
2.2684551767422896
2.4236359279213353
2.667368657601637
2.814975823855133
2.982014606119681
3.11035724993484
3.1833769630517983
3.3118054827473724
3.3778625720350965
3.4711845560589576
3.557239878832401
3.73053466528444
3.7789019569181734
3.88748704892448
3.966106403010388
4.1066680194802965
4.266835934142405
4.372072989123378
4.496181095601515
4.544662314799147
4.607622910882453
4.694358316106686
4.814997403945302
4.908559417543557
5.010279433325052
5.108825696772205
5.1866838045989345
5.284621294115807
5.386259266772153
5.428034225717038
5.550036035919047
5.58492514622075
5.65009832756131
5.70213312912126
5.7796366667810535
5.866311542282007
5.957274731135221
6.026758848852526
6.1146127341712235
6.318073721915214
6.403922409135063
6.491502137410109
6.55627350117597
6.650856252309839
6.820414617569488
6.8529190860537685
6.899375978223602
7.093698298881589
7.116334886879778
7.201704273603883
7.317141214679101
7.418539089485357
7.463336310852464
7.542927518911709
7.6350653056946545
7.6866847354514425
7.735129101845826
7.8139654181187375
7.832021166694811
7.896711692568972
7.936868960042674
7.976199317692329
8.036185524101455
8.116552360591426
8.164291491339316
8.178155184528002
8.280206653352453
8.373674356112867
8.445544518988829
8.488488937640458
8.508634176855622
8.563439729454513
8.607780717983522
8.73506662189184
8.839259018718707
8.933587682946246
8.972537111777372
9.103875853478867
9.215883028771577
9.322387033372944
9.44039782589225
9.551992229663691
9.726767191621274
9.90232857014506
10.036945639873606
10.14431970228769
10.373610214813786
10.873923956981777
11.190087379263648
11.438181673675237
11.689049956642709
12.310645799469658
13.260551354382752
13.910118219802767
14.473443113356115
14.787626208722239
